2
1706
656
13
1
642
51
130826
25
70345
143441
162032
16765
4632
44489
657
3
1303
14893
121405
23751
104
34053
90125
126479
336
56805
1224
35243
140765
44227
70261
126287
21525
9115
104039
651
89357
7375
74697
28
144267
86119
123992
147272
100448
85781
14483
26
86769
40171
91941
7
102875
132678
44347
72467
45143
116778
418
125036
147769
145
55215
21
1133
1859
121496
123006
664
145863
9726
100035
117077
88660
4
98930
103237
23900
24875
107562
78523
85968
137200
904
44
26027
6978
81
745
81669
35513
60783
107931
128365
102256
118289
60553
70399
756
116312
37707
114043
132214
9982
145539
399
61579
147448
3006
13245
698
92559
3031
11514
129621
87844
2062
1325
610
23390
105084
11327
66517
138533
8157
11054
22
108177
5744
101396
134744
137303
3083
102
33327
147171
39859
81211
21498
44307
93097
1342
214
164926
18200
11734
3649
79085
79993
119161
30
146878
28393
104538
92299
56529
115506
113010
141120
121504
38071
46282
111213
85719
87610
88639
114745
119072
121269
25515
1183
123649
93753
14720